  -1.4873500e+03
  -1.3356200e+02
  -1.4873500e+03
   1.3356200e+02
  -3.9081800e+02
   5.0838500e+02
  -1.5948100e+02
   3.7482300e+02
  -1.5948100e+02
  -3.7482300e+02
  -3.9081800e+02
  -5.0838500e+02
  -3.7545700e+02
  -1.4873500e+03
  -2.7645000e+01
  -1.4873500e+03
   2.7645000e+01
  -2.9909100e+02
   4.5542700e+02
  -2.5120900e+02
   4.2778200e+02
  -2.5120900e+02
  -4.2778200e+02
  -2.9909100e+02
  -4.5542700e+02
  -2.6390000e+02
  -8.0000000e-01
   8.0000000e-01
  -4.0000000e-01
   4.0000000e-01
  -3.0000000e-01
   3.0000000e-01
  -8.0000000e+00
   8.0000000e+00
  -8.0000000e+00
   8.0000000e+00
  -8.0000000e+00
   8.0000000e+00
   1.5990800e+02
   1.5314400e+02
   1.5653100e+02
   1.5452800e+02
   1.5229800e+02
   1.5644500e+02
   1.5382900e+02
   1.5382900e+02
   1.5382900e+02
   1.5383000e+02
   1.5383000e+02
   1.5382900e+02
   1.0000000e-01
   1.0000000e-01
  -1.0000000e-01
   3.0000000e+00
   2.0000000e+00
   1.0000000e+00
   0.0000000e+00
   0.0000000e+00
   0.0000000e+00
   0.0000000e+00
   0.0000000e+00
   0.0000000e+00
  -1.2500000e+02
  -1.2000000e+01
   1.2000000e+01
