  -1.5000000e+03
  -1.0000000e+02
  -1.5000000e+03
   1.0000000e+02
  -4.0000000e+02
   5.0000000e+02
  -2.0000000e+02
   4.0000000e+02
  -2.0000000e+02
  -3.5000000e+02
  -4.0000000e+02
  -5.0000000e+02
  -4.0000000e+02
  -1.5000000e+03
  -2.5000000e+01
  -1.5000000e+03
   2.5000000e+01
  -3.0000000e+02
   5.0000000e+02
  -2.5000000e+02
   5.0000000e+02
  -2.5000000e+02
  -4.0000000e+02
  -3.0000000e+02
  -4.0000000e+02
  -2.5000000e+02
  -2.0000000e+00
   2.0000000e+00
  -4.0000000e-01
   2.0000000e+00
  -3.0000000e-01
   3.0000000e-01
  -8.0000000e+00
   8.0000000e+00
  -8.0000000e+00
   8.0000000e+00
  -8.0000000e+00
   8.0000000e+00
   1.7371800e+02
   1.7183900e+02
   1.8876500e+02
   1.9130100e+02
   1.6768500e+02
   2.1289300e+02
   1.7371800e+02
   1.7183900e+02
   1.8876500e+02
   1.9130100e+02
   1.6768500e+02
   2.1289300e+02
   1.1000000e-01
   2.0000000e-02
  -3.0000000e-02
   6.0000000e+00
   1.0000000e+00
   5.0000000e+00
   1.1000000e-01
   2.0000000e-02
  -3.0000000e-02
   6.0000000e+00
   1.0000000e+00
   5.0000000e+00
  -1.3000000e+02
  -1.0000000e+01
   1.0000000e+01
   1.0000000e+02
   2.0000000e+02
   2.0000000e+01
